[{"id": 0, "img_name": "frame_00001", "width": 988, "height": 730, "position": [0.5870116681856533, 2.6172698058270942, -4.47158790215299], "rotation": [[0.9997867520025818, 0.0204173264628486, 0.0030956905913320258], [-0.02020673619006205, 0.9981552478253891, -0.05725197857874447], [-0.004258912146667986, 0.057177215905859224, 0.9983549607472193]], "fy": 778.5288845912428, "fx": 775.231437729204}, {"id": 1, "img_name": "frame_00002", "width": 988, "height": 730, "position": [0.5816101974101602, 2.6146692200977255, -4.471073714480881], "rotation": [[0.9998049576015052, 0.01936925374153746, 0.0038573002149111984], [-0.019114516184064272, 0.9981499756442808, -0.05771708059466271], [-0.00496810089482508, 0.05763209288944471, 0.9983255279930896]], "fy": 778.5288845912428, "fx": 775.231437729204}, {"id": 2, "img_name": "frame_00003", "width": 988, "height": 730, "position": [0.25162455610415096, 2.695602313330888, -4.499182970207023], "rotation": [[0.9993300763578307, 0.0008738361078648318, 0.036587359799650984], [0.0010753679622528566, 0.9985821373102036, -0.053221787162133], [-0.03658199106662027, 0.05322547750318653, 0.9979122238324166]], "fy": 778.5288845912428, "fx": 775.231437729204}, {"id": 3, "img_name": "frame_00004", "width": 988, "height": 730, "position": [0.06310837241681753, 2.851429992239084, -4.4766897961911525], "rotation": [[0.9984541490518902, -0.0008770439011792075, 0.05557466180788769], [0.0034065609966204753, 0.9989613846931712, -0.04543728902650701], [-0.055477090616235375, 0.04555636822550096, 0.9974201269930643]], "fy": 778.5288845912428, "fx": 775.231437729204}, {"id": 4, "img_name": "frame_00005", "width": 988, "height": 730, "position": [-0.13726608715510574, 3.147557181643167, -4.4050988729669145], "rotation": [[0.9982681734204135, 0.00791533637104714, 0.058292378455545614], [0.0004082864228682213, 0.9899504319174515, -0.14141419889335138], [-0.05882590618144595, 0.14119309401165706, 0.9882327777226109]], "fy": 778.5288845912428, "fx": 775.231437729204}, {"id": 5, "img_name": "frame_00006", "width": 988, "height": 730, "position": [-0.2624970763351713, 3.527071012767767, -4.355939513981012], "rotation": [[0.9881010937802084, -0.015870965203952286, 0.15298477353596568], [0.04761932042761621, 0.9773564760456892, -0.20617157673540717], [-0.14624851723134763, 0.21100339143020141, 0.9664827675714582]], "fy": 778.5288845912428, "fx": 775.231437729204}, {"id": 6, "img_name": "frame_00007", "width": 988, "height": 730, "position": [-0.3352275883458222, 4.066747922926112, -4.287003838681338], "rotation": [[0.9783326338465405, -0.024424974872141784, 0.20559347789603233], [0.07025779241502612, 0.9732591491127294, -0.21870178616859337], [-0.1947539477285587, 0.22840763838116557, 0.9538872315810085]], "fy": 778.5288845912428, "fx": 775.231437729204}, {"id": 7, "img_name": "frame_00008", "width": 988, "height": 730, "position": [-0.8648833008836714, 4.260371196657237, -4.476534356026232], "rotation": [[0.9758708544137651, -0.029860363313492774, 0.21629709708762732], [0.06957482333845415, 0.9814944557786387, -0.1784039720219727], [-0.2069671941713738, 0.18914806892638408, 0.9598893626654318]], "fy": 778.5288845912428, "fx": 775.231437729204}, {"id": 8, "img_name": "frame_00009", "width": 988, "height": 730, "position": [-1.7981001566582258, 3.758771789206543, -4.8599289217782875], "rotation": [[0.9628550156303789, -0.07500137928296824, 0.2593935465293518], [0.11929988022709927, 0.9799651086106986, -0.15948643981047758], [-0.24223492203483477, 0.18450793752918507, 0.9525119755339055]], "fy": 778.5288845912428, "fx": 775.231437729204}, {"id": 9, "img_name": "frame_00010", "width": 988, "height": 730, "position": [-1.9974585523600046, 3.048735232713259, -5.057787341720992], "rotation": [[0.9619615625790632, -0.11624679126836597, 0.24721778989436807], [0.1434588728923761, 0.9850847809715957, -0.09501329426239388], [-0.2324854918245352, 0.1268647225116271, 0.9642903288290056]], "fy": 778.5288845912428, "fx": 775.231437729204}, {"id": 10, "img_name": "frame_00011", "width": 988, "height": 730, "position": [-1.5973079320320664, 2.200721695770625, -5.155853809204561], "rotation": [[0.9705004790941307, -0.09757428528721902, 0.220472399471569], [0.1370069589904686, 0.9756457822335578, -0.17130207470446135], [-0.1983882891358428, 0.19645499856342977, 0.9602330551867063]], "fy": 778.5288845912428, "fx": 775.231437729204}, {"id": 11, "img_name": "frame_00012", "width": 988, "height": 730, "position": [-0.7456088736508332, 1.8654566830056767, -5.328092541062761], "rotation": [[0.9782948090186105, -0.12032845101534043, 0.1687018983991856], [0.13605856407793782, 0.9870499300157326, -0.08497354174675055], [-0.1562924623527636, 0.10608251284818764, 0.981997539039444]], "fy": 778.5288845912428, "fx": 775.231437729204}, {"id": 12, "img_name": "frame_00013", "width": 988, "height": 730, "position": [-0.09677306786331466, 2.285298439308194, -5.296693168796864], "rotation": [[0.9772570488780659, -0.1609568564883573, 0.13806357509321548], [0.17769460405950935, 0.9768736884353251, -0.11892192619907355], [-0.11572937443133358, 0.140750442955431, 0.9832578627712986]], "fy": 778.5288845912428, "fx": 775.231437729204}, {"id": 13, "img_name": "frame_00014", "width": 988, "height": 730, "position": [-0.24281886777777473, 2.8830726591241596, -5.08170667986272], "rotation": [[0.9669171414442659, -0.1828378702339344, 0.17788073192329945], [0.2049670110803699, 0.9719793553885812, -0.115085433774991], [-0.1518544235444897, 0.14773776059869487, 0.977299231629317]], "fy": 778.5288845912428, "fx": 775.231437729204}, {"id": 14, "img_name": "frame_00015", "width": 988, "height": 730, "position": [-1.5651341578531193, 3.632793174693089, -4.591651563339577], "rotation": [[0.9069742115829125, -0.19705988534553773, 0.3722434433420657], [0.24045375794112347, 0.967874598294935, -0.0734898106366439], [-0.3458030795345028, 0.15616069788209103, 0.9252210906704583]], "fy": 778.5288845912428, "fx": 775.231437729204}, {"id": 15, "img_name": "frame_00016", "width": 988, "height": 730, "position": [-3.232207512889807, 3.6766095759300184, -4.129171511864541], "rotation": [[0.8906682129742614, -0.15717479343702806, 0.4266218685267591], [0.2043264688167238, 0.9766228185839715, -0.06677248207149025], [-0.4061537006332999, 0.14664226719853546, 0.901961871108058]], "fy": 778.5288845912428, "fx": 775.231437729204}, {"id": 16, "img_name": "frame_00017", "width": 988, "height": 730, "position": [-4.014303822259278, 2.750540375683885, -3.883575674535506], "rotation": [[0.8830713504357488, -0.13255372298659354, 0.4501272048676646], [0.20629177579243393, 0.9712653760194564, -0.11868981669118957], [-0.4214601918093656, 0.1976691171330955, 0.8850413701357893]], "fy": 778.5288845912428, "fx": 775.231437729204}, {"id": 17, "img_name": "frame_00018", "width": 988, "height": 730, "position": [-3.951821393770195, 1.2724044111298216, -3.85976584840889], "rotation": [[0.870241157614911, -0.23585797871771588, 0.4324943253595971], [0.2816312405797569, 0.9585150568588423, -0.04396282639227501], [-0.40418333949158103, 0.1600621743263651, 0.9005642278190655]], "fy": 778.5288845912428, "fx": 775.231437729204}, {"id": 18, "img_name": "frame_00019", "width": 988, "height": 730, "position": [-3.0175931788874633, 0.458382572102019, -3.93175275339059], "rotation": [[0.8095220981755141, -0.4083371800717106, 0.42182309080537184], [0.44842323416836416, 0.8938091846289659, 0.0046631031392979725], [-0.37893347123670407, 0.18538038958850706, 0.9066661654283319]], "fy": 778.5288845912428, "fx": 775.231437729204}, {"id": 19, "img_name": "frame_00020", "width": 988, "height": 730, "position": [-1.9791944789733327, 0.9493237738666396, -4.1288462189539725], "rotation": [[0.8073169204066427, -0.4238299090960847, 0.4106185555728566], [0.48218345801157314, 0.8749161009091404, -0.04495474602250867], [-0.34020361968258944, 0.2342862021663918, 0.9106983433768355]], "fy": 778.5288845912428, "fx": 775.231437729204}, {"id": 20, "img_name": "frame_00021", "width": 988, "height": 730, "position": [-2.1253529854206916, 1.7948631431444144, -3.695658288473858], "rotation": [[0.8037567124104537, -0.38817204693703133, 0.4508853615187062], [0.4849778833424916, 0.8664474987258223, -0.11859673106963314], [-0.3446325578406309, 0.3139923469266113, 0.8846678507483715]], "fy": 778.5288845912428, "fx": 775.231437729204}, {"id": 21, "img_name": "frame_00022", "width": 988, "height": 730, "position": [-3.201725838028183, 1.9848437417902438, -2.5992094269156674], "rotation": [[0.6382868543013158, -0.39960691625394196, 0.6579545608232727], [0.4730194878194215, 0.8779119906452382, 0.07431756740076612], [-0.6073240121789873, 0.26378940305351584, 0.7493815417178934]], "fy": 778.5288845912428, "fx": 775.231437729204}, {"id": 22, "img_name": "frame_00023", "width": 988, "height": 730, "position": [-3.9645723640899884, 1.3040053545857693, -1.5880520187464695], "rotation": [[0.49355455613493726, -0.4518680820219669, 0.7431144841598997], [0.46989605340596313, 0.8575363614375555, 0.20935397728712532], [-0.7318480710584301, 0.2458589540005143, 0.6355720066411261]], "fy": 778.5288845912428, "fx": 775.231437729204}, {"id": 23, "img_name": "frame_00024", "width": 988, "height": 730, "position": [-4.095583662433509, 0.3142646876858126, -0.9678767367632539], "rotation": [[0.398899038218979, -0.4478750715988123, 0.8001796532956409], [0.4762479537190861, 0.8468816000479688, 0.23659975079990167], [-0.7836245554386086, 0.2867045094527659, 0.5511198421152083]], "fy": 778.5288845912428, "fx": 775.231437729204}, {"id": 24, "img_name": "frame_00025", "width": 988, "height": 730, "position": [-4.1082237606952114, -0.666394407194102, -0.3461217687729362], "rotation": [[0.09920497608678604, -0.48997488391286287, 0.8660733143644346], [0.5549077772953793, 0.749706707866825, 0.3605789939480516], [-0.8259756239845836, 0.44481958737679683, 0.34626550978867965]], "fy": 778.5288845912428, "fx": 775.231437729204}, {"id": 25, "img_name": "frame_00026", "width": 988, "height": 730, "position": [-3.54690931886171, -1.631987463800039, -0.0989499775363659], "rotation": [[-0.08576510451494489, -0.6212222899974085, 0.7789269627236666], [0.5938910262773484, 0.5958521326312488, 0.5406049250108906], [-0.7999611214020206, 0.5089627711819094, 0.3178350229223536]], "fy": 778.5288845912428, "fx": 775.231437729204}, {"id": 26, "img_name": "frame_00027", "width": 988, "height": 730, "position": [-2.893509548644533, -2.0534781185527606, -0.12099695365166761], "rotation": [[-0.25715851887739954, -0.712068453192529, 0.6533207589972791], [0.5910967059036546, 0.4189357451120566, 0.6892731865793521], [-0.7645091107623444, 0.5634282203044187, 0.3131684213421986]], "fy": 778.5288845912428, "fx": 775.231437729204}, {"id": 27, "img_name": "frame_00028", "width": 988, "height": 730, "position": [-2.7086386421052184, -1.7173031602968463, -0.037466799574169776], "rotation": [[-0.5540363913681609, -0.5738725830550463, 0.6030870048819446], [0.6502844581406926, 0.1539852585696991, 0.7439211407426787], [-0.5197824550140291, 0.8043374904609084, 0.2878669847319014]], "fy": 778.5288845912428, "fx": 775.231437729204}, {"id": 28, "img_name": "frame_00029", "width": 988, "height": 730, "position": [-2.98329463524639, -1.1637621997124739, 0.3847185065849918], "rotation": [[-0.7749609847614327, -0.36255751411443765, 0.5176751114905466], [0.465256519958858, 0.22710663433220685, 0.8555459936660741], [-0.4277520809223061, 0.9038664866015647, -0.007316533686123784]], "fy": 778.5288845912428, "fx": 775.231437729204}, {"id": 29, "img_name": "frame_00030", "width": 988, "height": 730, "position": [-3.0258779764107437, -1.2912657895993316, 1.4596711031559542], "rotation": [[-0.8795983414179601, -0.2544368427896418, 0.4019560309362364], [0.29853458906340796, 0.36262784923480756, 0.8828239587211483], [-0.37038339178142915, 0.8965282683722675, -0.24300865643410208]], "fy": 778.5288845912428, "fx": 775.231437729204}, {"id": 30, "img_name": "frame_00031", "width": 988, "height": 730, "position": [-2.8660457609991403, -1.5342076826826663, 2.1951706124105645], "rotation": [[-0.9088321586900656, -0.258968238492975, 0.3270467226293526], [0.17286052640964328, 0.47972111272431606, 0.8602249080420336], [-0.3796621468360206, 0.8383335287690633, -0.39122058841716667]], "fy": 778.5288845912428, "fx": 775.231437729204}, {"id": 31, "img_name": "frame_00032", "width": 988, "height": 730, "position": [-2.47980738561142, -1.9245406177729658, 3.0914250880030583], "rotation": [[-0.9487564833255611, -0.26902752018769904, 0.1657869980709338], [0.005239186803508064, 0.5111656209177085, 0.8594662639763421], [-0.3159646914915535, 0.816292779199639, -0.4835622114652641]], "fy": 778.5288845912428, "fx": 775.231437729204}, {"id": 32, "img_name": "frame_00033", "width": 988, "height": 730, "position": [-1.7785850082123127, -2.302762129989347, 3.545240916987328], "rotation": [[-0.8968984932125256, -0.3672805915787351, 0.24632916985748113], [0.07077393387017078, 0.43062057920699126, 0.8997538369176181], [-0.4365365312979454, 0.8244215449713878, -0.36022905633686486]], "fy": 778.5288845912428, "fx": 775.231437729204}, {"id": 33, "img_name": "frame_00034", "width": 988, "height": 730, "position": [-1.560997530128759, -2.5384710645281423, 3.2729117166804853], "rotation": [[-0.8332121553486044, -0.40702747398198325, 0.374280829863324], [0.2280693124051533, 0.36364847754435864, 0.9031855698131535], [-0.5037279949718628, 0.8379071668171336, -0.21016585564289614]], "fy": 778.5288845912428, "fx": 775.231437729204}, {"id": 34, "img_name": "frame_00035", "width": 988, "height": 730, "position": [-1.4268849810433593, -2.5882896410184975, 2.304095344511036], "rotation": [[-0.6943707421356059, -0.44792118126701, 0.5632192182786504], [0.41492823775937493, 0.3902519841220886, 0.8219111548085185], [-0.5879488327872991, 0.8044066162464971, -0.08512441343652925]], "fy": 778.5288845912428, "fx": 775.231437729204}, {"id": 35, "img_name": "frame_00036", "width": 988, "height": 730, "position": [-1.4343261598627741, -2.4247127454257895, 1.4787799620875939], "rotation": [[-0.5154858397411338, -0.5507149564241486, 0.6564962953415091], [0.5410323036591, 0.38493718981523783, 0.7477348502607557], [-0.6644986045310443, 0.7406324302026583, 0.09952491099417814]], "fy": 778.5288845912428, "fx": 775.231437729204}, {"id": 36, "img_name": "frame_00037", "width": 988, "height": 730, "position": [-1.4709098127116023, -2.2351277770283873, 0.852358991027159], "rotation": [[-0.3881138913395482, -0.5937163144026893, 0.7048890305298845], [0.6534592088782607, 0.3620633956833603, 0.6647564665638328], [-0.6498912752772352, 0.7186174472682398, 0.2474475596974184]], "fy": 778.5288845912428, "fx": 775.231437729204}, {"id": 37, "img_name": "frame_00038", "width": 988, "height": 730, "position": [-1.3773337256878693, -1.7978288334726968, 0.19886695418060638], "rotation": [[-0.2750722969065748, -0.6448922179960755, 0.7130562801368789], [0.6785300318151192, 0.3952193549293444, 0.6191919390739885], [-0.6811257060187302, 0.6541526493543652, 0.3288648414518505]], "fy": 778.5288845912428, "fx": 775.231437729204}, {"id": 38, "img_name": "frame_00039", "width": 988, "height": 730, "position": [-1.4304732064548298, -1.1794650511477072, -0.23596964649346738], "rotation": [[-0.19540465225698833, -0.6337544805448831, 0.7484465780973356], [0.7027410157443174, 0.44184549950381286, 0.5576088408184281], [-0.6840848534114542, 0.6349234701580275, 0.35902660120876545]], "fy": 778.5288845912428, "fx": 775.231437729204}, {"id": 39, "img_name": "frame_00040", "width": 988, "height": 730, "position": [-1.5993456362032945, -0.5714636702335122, -0.33031381505053553], "rotation": [[-0.21687349969976183, -0.6598244545790503, 0.7194425441044172], [0.7428111441828902, 0.3666457462728014, 0.5601807751233225], [-0.6334015228949825, 0.6558983045255717, 0.41060921192150246]], "fy": 778.5288845912428, "fx": 775.231437729204}, {"id": 40, "img_name": "frame_00041", "width": 988, "height": 730, "position": [-1.8758400178244552, -0.21619685471405317, 0.041610498587819476], "rotation": [[-0.3316397845191968, -0.6507650429816174, 0.6830226293155989], [0.6888294959957415, 0.3276618683290783, 0.6466464455089429], [-0.6446153727381257, 0.6849398213538407, 0.33960044516086185]], "fy": 778.5288845912428, "fx": 775.231437729204}, {"id": 41, "img_name": "frame_00042", "width": 988, "height": 730, "position": [-1.9705507415335208, -0.22859609028101466, 0.4944735467613362], "rotation": [[-0.44628882054754654, -0.6572432194432118, 0.6073365122814554], [0.6006660690743092, 0.2830652256556932, 0.7477127466395828], [-0.6633449797180179, 0.6985022752435482, 0.2684548553527931]], "fy": 778.5288845912428, "fx": 775.231437729204}, {"id": 42, "img_name": "frame_00043", "width": 988, "height": 730, "position": [-1.9709015861280006, -0.7358845897724389, 1.5263441234072974], "rotation": [[-0.567647099038885, -0.6411564528736797, 0.51642538075813], [0.45874549330647063, 0.27453787101736726, 0.8450926160772289], [-0.6836149086464847, 0.7166221879872912, 0.138287007200843]], "fy": 778.5288845912428, "fx": 775.231437729204}, {"id": 43, "img_name": "frame_00044", "width": 988, "height": 730, "position": [-1.6777776378222318, -1.3265428975045497, 2.36149943537782], "rotation": [[-0.7439020115263624, -0.5265744712165383, 0.4114962010882417], [0.29816064109613827, 0.2895497986188642, 0.9095389745474982], [-0.5980886467307094, 0.7992998438526049, -0.05839289570684301]], "fy": 778.5288845912428, "fx": 775.231437729204}, {"id": 44, "img_name": "frame_00045", "width": 988, "height": 730, "position": [-1.2014175110300138, -1.7753810282775353, 3.167165178554301], "rotation": [[-0.8399479754869189, -0.38547872732226596, 0.38196014092760106], [0.22548845633631528, 0.3922984313711222, 0.8917717739437725], [-0.4936014126139554, 0.8351694986802157, -0.242589270042483]], "fy": 778.5288845912428, "fx": 775.231437729204}, {"id": 45, "img_name": "frame_00046", "width": 988, "height": 730, "position": [-0.6313184903744441, -1.9322151874584719, 3.7471974525442144], "rotation": [[-0.9448339427467002, -0.28467938167971174, 0.16200762414214245], [0.024174655171975108, 0.4326495164823815, 0.9012380273462042], [-0.32665640462271783, 0.8554367571796399, -0.4018999225988238]], "fy": 778.5288845912428, "fx": 775.231437729204}, {"id": 46, "img_name": "frame_00047", "width": 988, "height": 730, "position": [0.20012023955038805, -1.9932530758786402, 3.640532050857172], "rotation": [[-0.9646406901227584, -0.24750160127858006, 0.09061620342977797], [0.000749013100813319, 0.3412295607580351, 0.9399796943786888], [-0.26356740682197977, 0.9068105338103529, -0.32897853703808677]], "fy": 778.5288845912428, "fx": 775.231437729204}, {"id": 47, "img_name": "frame_00048", "width": 988, "height": 730, "position": [0.5308799776400517, -2.0168439471608735, 3.064305119613728], "rotation": [[-0.9842821002538316, -0.16843097311577795, 0.05310135982418212], [0.0031120666369768646, 0.2840926197720648, 0.9587917909704335], [-0.17657593879448072, 0.9438868526927986, -0.27910311204379346]], "fy": 778.5288845912428, "fx": 775.231437729204}, {"id": 48, "img_name": "frame_00049", "width": 988, "height": 730, "position": [0.3061196623504652, -2.1763033081876517, 2.1120996850338014], "rotation": [[-0.9846732519324494, -0.15176985651819902, 0.08593309945079036], [0.09190923725815683, -0.03279712917644705, 0.9952271300685119], [-0.14822711977029704, 0.9878715802017125, 0.046243507591588656]], "fy": 778.5288845912428, "fx": 775.231437729204}, {"id": 49, "img_name": "frame_00050", "width": 988, "height": 730, "position": [0.22424259789387765, -2.0570265773582066, 1.2634215178673973], "rotation": [[-0.9747127785614902, -0.18865227140422355, 0.11977194914906296], [0.15106477258412376, -0.16132688570248738, 0.97527076775306], [-0.16466461002002075, 0.9687022021465439, 0.18574608949690127]], "fy": 778.5288845912428, "fx": 775.231437729204}, {"id": 50, "img_name": "frame_00051", "width": 988, "height": 730, "position": [-1.1056017563087817, -1.9408185866560965, 0.8945835172584692], "rotation": [[-0.8350133916111325, -0.37730390019357046, 0.4004926999694161], [0.46713331942012387, -0.10149026251786633, 0.8783428650029502], [-0.2907560794164228, 0.920511539043794, 0.26099695164813]], "fy": 778.5288845912428, "fx": 775.231437729204}, {"id": 51, "img_name": "frame_00052", "width": 988, "height": 730, "position": [-2.9163923720510425, -2.005161866554514, 1.2109535988035356], "rotation": [[-0.5379502576735145, -0.5326710956735764, 0.6533536745920314], [0.6098552604361851, 0.289154854110658, 0.7378794153942475], [-0.581967423132353, 0.79539359701858, 0.16930134150246143]], "fy": 778.5288845912428, "fx": 775.231437729204}, {"id": 52, "img_name": "frame_00053", "width": 988, "height": 730, "position": [-3.95905415250238, -0.8429107408151448, 0.10669073326182475], "rotation": [[-0.1481706936915424, -0.5947212744881801, 0.7901595099738541], [0.6498998118667764, 0.5436807200809375, 0.5310758035796788], [-0.745436570116127, 0.5922143870959466, 0.30595169496192814]], "fy": 778.5288845912428, "fx": 775.231437729204}, {"id": 53, "img_name": "frame_00054", "width": 988, "height": 730, "position": [-3.3885892485450877, 0.03770196643538019, -0.6997144627814946], "rotation": [[0.11891776239851423, -0.656674775794216, 0.7447394206175382], [0.6152643155473849, 0.6374358101077797, 0.46381613814770023], [-0.779299934428419, 0.40305561257456113, 0.4798309966769621]], "fy": 778.5288845912428, "fx": 775.231437729204}, {"id": 54, "img_name": "frame_00055", "width": 988, "height": 730, "position": [-1.7442423525846829, 1.2861835615044614, -1.0802802836751308], "rotation": [[0.7435983464219529, -0.5196197497507742, 0.4207811959528139], [0.406572314905687, 0.8510018467619522, 0.3324075955208868], [-0.5308111264383673, -0.07609975346010968, 0.8440665705811019]], "fy": 778.5288845912428, "fx": 775.231437729204}, {"id": 55, "img_name": "frame_00056", "width": 988, "height": 730, "position": [-1.0220497054452429, 1.351784499522726, -0.6986230485728416], "rotation": [[0.9366391626915037, -0.27172301081787914, 0.22107393402349715], [0.20775845170222393, 0.9390359029808552, 0.2739488978974451], [-0.2820345806082182, -0.21066128810248178, 0.9359905539246373]], "fy": 778.5288845912428, "fx": 775.231437729204}, {"id": 56, "img_name": "frame_00057", "width": 988, "height": 730, "position": [-0.6464187229092281, 1.4456987528498424, -0.4132118466006376], "rotation": [[0.9998576746581508, 0.008917754776704, -0.014321455126414083], [-0.004073819320726384, 0.9513794266105472, 0.3079944652397645], [0.016371756879986817, -0.3078922868016167, 0.9512803505301336]], "fy": 778.5288845912428, "fx": 775.231437729204}, {"id": 57, "img_name": "frame_00058", "width": 988, "height": 730, "position": [-0.4258097184562203, 1.447547776579628, -0.17469021366454046], "rotation": [[0.9803576515399972, 0.18361314443792875, -0.07200755694090633], [-0.1508107475777799, 0.9331696159106379, 0.3262676606043324], [0.12710229534517734, -0.30899948403000455, 0.9425308087204252]], "fy": 778.5288845912428, "fx": 775.231437729204}, {"id": 58, "img_name": "frame_00059", "width": 988, "height": 730, "position": [-0.03473953086306426, 1.432357751082455, 0.04325526628249774], "rotation": [[0.8782354712603643, 0.4020300820717328, -0.25898700764610133], [-0.30832197976647013, 0.8899720933321091, 0.33598694897711134], [0.36556807001291897, -0.21522426954100543, 0.9055597716261307]], "fy": 778.5288845912428, "fx": 775.231437729204}, {"id": 59, "img_name": "frame_00060", "width": 988, "height": 730, "position": [0.21800388436620885, 1.3514720683139747, 0.2585561801795782], "rotation": [[0.7181380508127712, 0.5736621117529895, -0.3939410127340566], [-0.42520832272381004, 0.8098434321755046, 0.40416766032007445], [0.5508862153487215, -0.12274117850704913, 0.825505288194729]], "fy": 778.5288845912428, "fx": 775.231437729204}, {"id": 60, "img_name": "frame_00061", "width": 988, "height": 730, "position": [0.3628391756136635, 1.2017636248420298, 0.445998889145761], "rotation": [[0.5266975674676856, 0.7064929493603055, -0.4727127932770593], [-0.48894344561398745, 0.7066871916285351, 0.511397614561601], [0.6953588853352956, -0.03822205766767438, 0.7176455217535358]], "fy": 778.5288845912428, "fx": 775.231437729204}, {"id": 61, "img_name": "frame_00062", "width": 988, "height": 730, "position": [0.33770869709704154, 0.9898091477596977, 0.6857128180358022], "rotation": [[0.4607989204899513, 0.7436667066250056, -0.4843802063800847], [-0.44986420792590603, 0.6661849982203258, 0.5948274897593263], [0.7650402272446153, -0.056190547280681354, 0.6415263619632515]], "fy": 778.5288845912428, "fx": 775.231437729204}, {"id": 62, "img_name": "frame_00063", "width": 988, "height": 730, "position": [0.09540620206036807, 0.7843327116035924, 0.8683214277729898], "rotation": [[0.5567615959364752, 0.7449709932850771, -0.3674707395890382], [-0.38607440758168576, 0.6237647648512887, 0.6796058195310476], [0.735501921887849, -0.23650737259938026, 0.63490250086562]], "fy": 778.5288845912428, "fx": 775.231437729204}, {"id": 63, "img_name": "frame_00064", "width": 988, "height": 730, "position": [-0.3751749605111544, 0.5624257791274937, 1.026740913633424], "rotation": [[0.7302863069377009, 0.6772121350872937, -0.08980887478308301], [-0.29424461257485973, 0.43046576856961105, 0.8532990859367217], [0.616524142163115, -0.5967268606157121, 0.5136292787115545]], "fy": 778.5288845912428, "fx": 775.231437729204}, {"id": 64, "img_name": "frame_00065", "width": 988, "height": 730, "position": [-0.9859392027398255, 0.423846953312165, 1.2247214704343727], "rotation": [[0.8824957946300767, 0.44112447819685935, 0.1631268438846846], [-0.3178637295156277, 0.3037686142062495, 0.8981577135902303], [0.34664653743928486, -0.8444725121392426, 0.40829199639791036]], "fy": 778.5288845912428, "fx": 775.231437729204}, {"id": 65, "img_name": "frame_00066", "width": 988, "height": 730, "position": [-1.2105178190652839, 0.6073455549814839, 1.0521282595487977], "rotation": [[0.8379283001884966, 0.4380683581123947, 0.3255338344380307], [-0.5059497573006901, 0.39980020539366656, 0.7643131811335945], [0.20467292647194257, -0.8051434092060203, 0.5566444859886047]], "fy": 778.5288845912428, "fx": 775.231437729204}, {"id": 66, "img_name": "frame_00067", "width": 988, "height": 730, "position": [-0.7737603701089586, 1.0008215351500998, 0.5699588421732966], "rotation": [[0.9333657528658426, 0.2850665295542919, 0.21809503686478307], [-0.3572385220532615, 0.7966744624360887, 0.4875350646500929], [-0.034770817338400685, -0.5329604813023578, 0.845425405125478]], "fy": 778.5288845912428, "fx": 775.231437729204}, {"id": 67, "img_name": "frame_00068", "width": 988, "height": 730, "position": [-0.1802355211382167, 1.095468525711208, 0.4846403504685784], "rotation": [[0.9783098303915975, 0.19719918834138264, 0.06342204566760681], [-0.20712739732248076, 0.9354514152440164, 0.2864068626907916], [-0.0028490415194074963, -0.29333109251401673, 0.9560066700222096]], "fy": 778.5288845912428, "fx": 775.231437729204}, {"id": 68, "img_name": "frame_00069", "width": 988, "height": 730, "position": [0.4461707158533203, 1.0156639163864503, 0.4786774214286759], "rotation": [[0.9715886995613121, 0.22430160378061353, -0.075526084409316], [-0.20366500334795895, 0.9549214810283831, 0.21597576595959878], [0.12056519106290317, -0.19445759335136328, 0.9734733068204602]], "fy": 778.5288845912428, "fx": 775.231437729204}, {"id": 69, "img_name": "frame_00070", "width": 988, "height": 730, "position": [0.8234377220840571, 0.8891526401380453, 0.6485666048969507], "rotation": [[0.9633232722843598, 0.21503501881371953, -0.1605248073013528], [-0.20010451054611522, 0.9742185259499656, 0.10419428273651063], [0.1787916606960538, -0.06825103940351049, 0.9815168555281604]], "fy": 778.5288845912428, "fx": 775.231437729204}, {"id": 70, "img_name": "frame_00071", "width": 988, "height": 730, "position": [0.5036736800358441, 0.6034548295105894, 1.2033789213923158], "rotation": [[0.97940835841035, 0.1651592485729979, -0.11611068033021775], [-0.15729676881512222, 0.9847780415101333, 0.07395901216071098], [0.1265582632476652, -0.05417223984910423, 0.9904788611744653]], "fy": 778.5288845912428, "fx": 775.231437729204}, {"id": 71, "img_name": "frame_00072", "width": 988, "height": 730, "position": [0.012040012090891587, 0.5594850750702477, 1.3241547764995987], "rotation": [[0.9788107631378649, 0.017545900800182083, 0.20401380181394746], [-0.03268935862639912, 0.9969336701313116, 0.07109615454514809], [-0.20214078212489714, -0.07625876161873521, 0.9763829707027419]], "fy": 778.5288845912428, "fx": 775.231437729204}, {"id": 72, "img_name": "frame_00073", "width": 988, "height": 730, "position": [-0.25945403625274416, 0.37050976551942516, 1.349259533081083], "rotation": [[0.9355575743036256, -0.13901655659964232, 0.3246635522418464], [0.05986848651436256, 0.9683937693907474, 0.24213482138606057], [-0.3480629102412311, -0.2070939506512885, 0.9143108367060111]], "fy": 778.5288845912428, "fx": 775.231437729204}, {"id": 73, "img_name": "frame_00074", "width": 988, "height": 730, "position": [-0.01662628971230161, -0.13852678301180665, 1.4162551355044726], "rotation": [[0.9558172586025746, -0.17455262369964802, 0.23652642498678286], [0.07041296911318357, 0.917141557491959, 0.3922924639881446], [-0.28540389264711336, -0.3583053796425514, 0.8889104977336483]], "fy": 778.5288845912428, "fx": 775.231437729204}, {"id": 74, "img_name": "frame_00075", "width": 988, "height": 730, "position": [0.5772478293415412, -0.150253449771232, 1.1523910548905385], "rotation": [[0.9886046158880696, -0.12261627898592325, -0.0873278968740709], [0.1497866694351816, 0.8590353067530243, 0.48951230363623416], [0.014995569489611496, -0.49701467773032965, 0.8676125535147002]], "fy": 778.5288845912428, "fx": 775.231437729204}, {"id": 75, "img_name": "frame_00076", "width": 988, "height": 730, "position": [0.9477010661771768, 0.2299526646089299, 0.9895137544383702], "rotation": [[0.9422507192760333, 0.12204492542903261, -0.31187917243833363], [-0.05527075461123059, 0.9751353899052101, 0.2146068848828463], [0.33031609968105263, -0.184975694434258, 0.9255675376546332]], "fy": 778.5288845912428, "fx": 775.231437729204}, {"id": 76, "img_name": "frame_00077", "width": 988, "height": 730, "position": [1.2208480064144507, 0.48537129526574063, 0.9833941144333048], "rotation": [[0.8915399767908466, 0.27678981154655663, -0.35853015215989636], [-0.2272472234559004, 0.9580655838389226, 0.17455382119841575], [0.39181011882716976, -0.07414672809643119, 0.9170534845346988]], "fy": 778.5288845912428, "fx": 775.231437729204}, {"id": 77, "img_name": "frame_00078", "width": 988, "height": 730, "position": [1.3458103800534598, 0.7136519735399433, 0.8908721550102469], "rotation": [[0.8915298410821694, 0.2927640886602976, -0.3456352569558079], [-0.24732518814280705, 0.9538969711364178, 0.17003181986585117], [0.3794796355143804, -0.06610413638853167, 0.9228355483953785]], "fy": 778.5288845912428, "fx": 775.231437729204}, {"id": 78, "img_name": "frame_00079", "width": 988, "height": 730, "position": [1.4673452192339482, 1.060160007576048, 0.5117159755008209], "rotation": [[0.9382044749828677, 0.298193912843354, -0.17564951883023014], [-0.2540364078570984, 0.9380579232217706, 0.23561162145344314], [0.23502737416135833, -0.17643050480013037, 0.9558422518233791]], "fy": 778.5288845912428, "fx": 775.231437729204}, {"id": 79, "img_name": "frame_00080", "width": 988, "height": 730, "position": [1.292050680790883, 1.2540547897762864, 0.4305373045999602], "rotation": [[0.992446434325152, 0.11882836636775088, 0.030494168978072906], [-0.12264348500369478, 0.9669806928564746, 0.22339855690885926], [-0.0029411870801065794, -0.22545101239334436, 0.97425006565531]], "fy": 778.5288845912428, "fx": 775.231437729204}, {"id": 80, "img_name": "frame_00081", "width": 988, "height": 730, "position": [0.9689663174914938, 1.4098185252149629, 0.763219094306508], "rotation": [[0.9197355488188981, -0.16055184277519838, 0.35820333055443293], [0.1115856614376677, 0.9818196015194759, 0.15355425827262462], [-0.37634447039955105, -0.10125895443675931, 0.9209296736157737]], "fy": 778.5288845912428, "fx": 775.231437729204}, {"id": 81, "img_name": "frame_00082", "width": 988, "height": 730, "position": [0.7737953742695969, 1.4481395202309573, 0.923554001737531], "rotation": [[0.816809096767638, -0.24759198573583532, 0.5210768734428937], [0.21663489042588055, 0.9687592514260212, 0.12072628970800868], [-0.5346889036512747, 0.014273099729254932, 0.8449284318427902]], "fy": 778.5288845912428, "fx": 775.231437729204}, {"id": 82, "img_name": "frame_00083", "width": 988, "height": 730, "position": [0.5114147575938787, 1.4143324567750708, 1.1061405130396431], "rotation": [[0.6282004914471032, -0.3131515003224241, 0.7122501529599224], [0.335845619184663, 0.934891889788974, 0.11482540869194241], [-0.7018346405102049, 0.16707271546430333, 0.6924701041397351]], "fy": 778.5288845912428, "fx": 775.231437729204}, {"id": 83, "img_name": "frame_00084", "width": 988, "height": 730, "position": [0.280168733623967, 1.2572419686222458, 1.3844150246263744], "rotation": [[0.38937055925232467, -0.3753413935319021, 0.8411357832651406], [0.39723127175092776, 0.8923444531081898, 0.21430980787212314], [-0.8310221924417375, 0.2506795071571978, 0.4965499978458886]], "fy": 778.5288845912428, "fx": 775.231437729204}, {"id": 84, "img_name": "frame_00085", "width": 988, "height": 730, "position": [0.22041005265778857, 1.1237495517950835, 1.5487780312533532], "rotation": [[0.23939066913238546, -0.40495308817076114, 0.8824426915745364], [0.3750182397922716, 0.8769014330906206, 0.3006745690388896], [-0.8955743561287666, 0.25895341863852567, 0.36178681515495487]], "fy": 778.5288845912428, "fx": 775.231437729204}, {"id": 85, "img_name": "frame_00086", "width": 988, "height": 730, "position": [0.5290421405387407, 0.788074574513331, 1.4714942582211203], "rotation": [[0.3134527099262503, -0.6426912045822333, 0.6990675319255844], [0.33106319826184255, 0.7639405194215322, 0.5538881128374209], [-0.8900250318932212, 0.05781780295547062, 0.4522306317188969]], "fy": 778.5288845912428, "fx": 775.231437729204}, {"id": 86, "img_name": "frame_00087", "width": 988, "height": 730, "position": [0.8927288723433229, 0.717425226181131, 1.2984531799452599], "rotation": [[0.5244619198421371, -0.6699403562696321, 0.5254708495024415], [0.3146222539692539, 0.7259676047321915, 0.6115422096525395], [-0.791171619778418, -0.15540577827327676, 0.5915205086355597]], "fy": 778.5288845912428, "fx": 775.231437729204}, {"id": 87, "img_name": "frame_00088", "width": 988, "height": 730, "position": [1.1876956802826522, 0.8131900910760435, 1.1103697315104513], "rotation": [[0.8840617768904147, -0.3686485290571848, 0.2872856360233429], [0.1966442057511158, 0.8510256627384151, 0.4869151647927532], [-0.42398800806847775, -0.37397003006205604, 0.8248518567776333]], "fy": 778.5288845912428, "fx": 775.231437729204}, {"id": 88, "img_name": "frame_00089", "width": 988, "height": 730, "position": [1.447088283383331, 0.859946217190186, 1.0100389186199927], "rotation": [[0.9943274384105557, -0.0790481621534565, 0.07116412919486502], [0.048478023745069876, 0.9323501262881878, 0.35829195249708357], [-0.09467220520128933, -0.35280962298463575, 0.9308934114557713]], "fy": 778.5288845912428, "fx": 775.231437729204}, {"id": 89, "img_name": "frame_00090", "width": 988, "height": 730, "position": [1.8721109736738006, 1.052015950467758, 0.8128811619908136], "rotation": [[0.8419874852019709, 0.42727344580023097, -0.329384998561346], [-0.3254144205560178, 0.8891960327068215, 0.32161447466281823], [0.4303051587623044, -0.16360873427921402, 0.8877328722144414]], "fy": 778.5288845912428, "fx": 775.231437729204}, {"id": 90, "img_name": "frame_00091", "width": 988, "height": 730, "position": [2.0196322752196463, 1.0952798477684134, 0.8548059855730964], "rotation": [[0.7931201391299104, 0.44493877103833424, -0.41592058729215137], [-0.37268131691400985, 0.8946484309273239, 0.24639971806501051], [0.481735488551332, -0.04041874646960451, 0.8753840551461027]], "fy": 778.5288845912428, "fx": 775.231437729204}, {"id": 91, "img_name": "frame_00092", "width": 988, "height": 730, "position": [0.7903533008696504, 1.9716000485934198, 0.8339400547171361], "rotation": [[0.8301974301058513, -0.07856028096229509, 0.5519062504635776], [0.30893424995703134, 0.8889297678336715, -0.33817672460218373], [-0.46403863659088396, 0.45125619121991, 0.7622571702756055]], "fy": 778.5288845912428, "fx": 775.231437729204}, {"id": 92, "img_name": "frame_00093", "width": 988, "height": 730, "position": [0.6262440379292544, 1.8815089425657878, 0.9744301082585056], "rotation": [[0.6953971816462348, -0.11587473274927645, 0.7092219723533371], [0.36614526968485706, 0.9063371306243063, -0.21092806152596733], [-0.6183529746397901, 0.40635704984900006, 0.6726912715296225]], "fy": 778.5288845912428, "fx": 775.231437729204}, {"id": 93, "img_name": "frame_00094", "width": 988, "height": 730, "position": [0.5309939594184353, 1.721881249437031, 0.7829010851734083], "rotation": [[0.8486637880336517, -0.15302418109338936, 0.5063135144167797], [0.12944252907794082, 0.9882151371164796, 0.08170357666445177], [-0.5128493019847833, -0.0038003650555030687, 0.8584702386682751]], "fy": 778.5288845912428, "fx": 775.231437729204}, {"id": 94, "img_name": "frame_00095", "width": 988, "height": 730, "position": [0.6504263596606397, 1.7000788822572597, 0.651865363010904], "rotation": [[0.9567105559999847, -0.02458414379109863, 0.2900009170886513], [-0.05019272517052337, 0.9675593020282086, 0.24760793080723806], [-0.28668031390061727, -0.2514450574832289, 0.9244402526335054]], "fy": 778.5288845912428, "fx": 775.231437729204}, {"id": 95, "img_name": "frame_00096", "width": 988, "height": 730, "position": [0.5902929315390102, 1.7157757373014753, 0.4370292149515155], "rotation": [[0.9851495335615926, 0.17009244198117288, 0.023429846441194207], [-0.16680520665904774, 0.9157742664313202, 0.36542238023089085], [0.04069913457076181, -0.36390390781504217, 0.9305468963583363]], "fy": 778.5288845912428, "fx": 775.231437729204}, {"id": 96, "img_name": "frame_00097", "width": 988, "height": 730, "position": [0.43323834798606436, 1.69134791659988, 0.35473129915672663], "rotation": [[0.9797115338805421, 0.20001786894241624, -0.012576266742156025], [-0.17965280604937425, 0.9043086690791271, 0.38723468376027953], [0.08882668326590482, -0.3771189243886762, 0.9218954047005042]], "fy": 778.5288845912428, "fx": 775.231437729204}, {"id": 97, "img_name": "frame_00098", "width": 988, "height": 730, "position": [0.9075023578645294, 1.6912455305288518, 0.6739400851815762], "rotation": [[0.4847124606484247, 0.8281850035058285, -0.2813599659869906], [-0.6575373473470965, 0.5571434718384615, 0.5071841762432354], [0.5768001970664479, -0.06083380438404791, 0.8146169534868951]], "fy": 778.5288845912428, "fx": 775.231437729204}, {"id": 98, "img_name": "frame_00099", "width": 988, "height": 730, "position": [0.745597080393144, 1.465119361913026, 0.38890187951018806], "rotation": [[0.7295895604005178, 0.6346105462656233, -0.25488924638561383], [-0.5466263119434179, 0.7651146678845689, 0.34029284458980713], [0.4109729290910974, -0.10894493818591376, 0.9051144966234664]], "fy": 778.5288845912428, "fx": 775.231437729204}, {"id": 99, "img_name": "frame_00100", "width": 988, "height": 730, "position": [0.6672584427603131, 1.1427424970558628, 0.05086544465656347], "rotation": [[0.9635909383117454, 0.2628422490565863, 0.049055638966030615], [-0.26687312094227217, 0.9341354457721621, 0.23700149001762766], [0.0164693934928241, -0.24146411961804945, 0.9702699820230752]], "fy": 778.5288845912428, "fx": 775.231437729204}, {"id": 100, "img_name": "frame_00101", "width": 988, "height": 730, "position": [0.8674238808147274, 0.8785790734750287, -0.7809570730292914], "rotation": [[0.8702099836292805, -0.17631184652369775, 0.4600529503952